1       41.917066008     11.346912796     16.414257510
2       38.026906776     10.450555858     20.529843604
3       35.546985862     10.412400062     15.739700983
4       35.357458914      6.591996446     18.983924239
5       33.417278686      8.151628381     19.359472337
6       45.916006619     13.072038036     16.561698463
7       44.686989283     12.545026709     16.539161333
8       42.572755249     11.862836800     17.668758435
9       43.875406541     12.409087953     17.650349417
10       41.920608320     11.823428971     18.919135481
11       40.653868055     11.366987135     19.293440541
12       38.374751916     10.386008934     19.063818362
13       39.598755826     10.815301860     18.545136285
14       37.418071947      9.855273787     18.137269216
15       33.798326522      8.604788789     15.526217122
16       32.829318311      7.683964812     16.268966075
17       33.602065794      6.788001582     17.230827219

